286315006
279612433
280630940
277873116
277873153
279612297
280630940
277873116
277873153
283647266
280630940
277873116
277873153
282977117
283869041
282977114
283869041
282774238
283869041
282774241
283869041
286274952
283869041
282774223
282815795
282822110
283869041
282774227
282815795
282822110
283869041
286315200
282815795
282822110
283869041
282774229
282815795
282822110
283869041
282774230
282815795
282822110
283869041
282774222
282815795
282822110
283869041
282896995
282815795
282822110
283869041
282774228
282815795
282822110
283869041
282907259
282815795
282822110
283869041
286310700
286006221
285018115
285018114
284358776
284389362
286320564
286318576
286308693
286282373
284368292
284368293
284368306
286284546
284368305
286284546
283779210
286308401
286259484
284830663
281946910
282084442
284003447
284003449
282429651
284306950
284368309
284368294
281946911
286259485
283967372
282084558
282084562
282084445
283122092
283967375
283775714
284368310
282260782
286259492
282750974
283122091
283122154
283796013
284368311
284368303
283949341
284368312
282260781
281993181
283104893
284368313
282084559
282084567
282084478
282530906
286278136
282550221
282540334
286259496
286259497
286259494
286259495
286309153
286309142
286286421
285003466
283796014
285003537
285003562
285003535
285003536
285003590
284367038
285003591
286286432
285003602
284303296
284303752
284303751
284303747
284303746
284303748
284303732
286259493
286315020
286324472
286327716
286324476
286330690
286330694
284603739
268439627
286327102
286324472
286327716
286324476
286323412
286324574
280982457
282188585
268437990
282188585
268437992
282188585
286288843
284932298
286288594
284146581
281782372
282450665
281782373
282450665
286285163
282450665
286308009
286285153
282450665
286308009
282993510
282450665
286308009
284156820
279010102
279048833
280777815
279506669
279506646
279506671
279048836
279048840
279010128
282993322
282993340
282993324
283017594
286140945
286141020
286141019
278807391
268437753
282211232
283783691
277673806
283933147
279932002
282229330
286305096
278807391
268437753
282211232
283783691
277673806
283933147
279932002
282229330
286305096
278807391
268437753
282211232
283783691
277673806
283933147
279932002
282229330
286305096
278807391
268437753
282211232
283783691
277673806
283933147
279932002
282229330
286305096
278807391
268437753
282211232
283783691
277673806
283933147
279932002
282229330
286305096
278807391
268437753
282211232
283783691
277673806
283933147
279932002
282229330
286305096
278807391
268437753
282211232
283783691
277673806
283933147
279932002
282229330
286305096
281943928
284653471
282440588
284653471
284472710
284653471
283748960
284653471
284809079
284653471
284809080
284653471
286284485
284653471
286120747
284653471
284174271
284174247
283090974
283886649
283886654
286321941
286281966
286322227
286282222
286322231
286318183
286287094
286287074
286289725
286277668
286319772
286326192
286326179
286326183
286326188
286326647
286326685
286326426
286323493
286331067
286311296
283914768
284310870
284310877
282636732
286318576
286308693
286308649
286308662
286323247
286330306
286330330
286325079
286325073
286325084
286325069
286325065
284156820
279010102
279048833
280777815
279506669
279506646
279506671
279048836
279048840
279010128
282993322
282993340
282993324
283017594
286140945
286141020
286141019
284947016
275994284
278726404
275994284
278726404
275994284
278726404
275994284
278726404
275994284
278726404
275994284
278726404
275994284
278726404
275994284
278726404
275994284
278726404
275994284
278726404
280982457
282188585
268437990
282188585
268437992
282188585
277918490
278235037
281045239
281045242
286288843
284932298
286288594
284146581
281782372
282450665
281782373
282450665
286285163
282450665
286308009
286285153
282450665
286308009
282993510
282450665
286308009
285989306
284790128
286281858
283795847
284790128
283795847
283780951
284790128
286281858
283795847
286281858
286281858
284012813
282423206
286229635
282414851
286229635
286322162
286326416
286326412
286192049
286229635
286318532
286309459
284959517
286229635
283876390
286229635
284432658
284432656
286198066
286197681
284432659
284432657
284090186
284090189
284288549
284288548
284694989
284694985
284694988
284694984
284694967
286037604
286288731
286288691
286288701
286288771
286288761
286288751
286288741
286288711
286288721
286325044
286321659
286321662
286321678
286277795
286320761
286324706
286324715
286328890
286324710
286324697
286324702
286330736
286331659
286331656
286324719
286329476
286329480
286324684
286324688
286324680
286324693
286330379
286329488
286329491
286328087
286328083
286328096
286328092
286324675
286325655
286325660
286331109
286325664
286325668
279879101
279879103
279879106
279879107
286327690
286321464
286288352
286320683
286288341
286330807
282977117
283869041
282977114
283869041
282774238
283869041
282774241
283869041
286274952
283869041
282774223
282815795
282822110
283869041
282774227
282815795
282822110
283869041
286315200
282815795
282822110
283869041
282774229
282815795
282822110
283869041
282774230
282815795
282822110
283869041
286282373
284368292
284368293
284368306
286284546
284368305
286284546
283779210
286308401
286259484
284830663
281946910
282084442
284003447
284003449
282429651
284306950
284368309
284368294
281946911
286259485
283967372
282084558
282084562
282084445
283122092
283967375
283775714
284368310
282260782
286259492
282750974
283122091
283122154
283796013
284368311
284368303
283949341
284368312
282260781
281993181
283104893
284368313
282084559
282084567
282084478
282530906
286278136
282550221
282540334
286259496
286259497
286259494
286259495
286309153
286309142
286286421
285003466
283796014
285003537
285003562
285003535
285003536
285003590
284367038
285003591
286286432
285003602
284303296
284303752
284303751
284303747
284303746
284303748
284303732
286259493
286315020
282413305
282414010
284170426
283879340
285026142
286287163
286287152
286315556
286316464
284436489
286316476
286316489
286316501
284005929
284005936
286287791
286289157
286288298
286289211
286328351
286320995
286321999
286323714
286321996
286321991
286320990
286327102
284364978
286331236
286331238
286288939
280982457
282188585
268437990
282188585
268437992
282188585
277918490
278235037
281045239
281045242
286288843
284932298
286288594
284146581
281782372
282450665
281782373
282450665
286285163
282450665
286308009
286285153
282450665
286308009
282993510
282450665
286308009
282450665
286323412
286324574
286291180
286291164
286291116
286313213
286313162
286313172
286313183
286313194
286291132
286313151
286322549
286325824
286327477
286322553
286322558
286325809
286322540
286322536
286322544
286328108
286328104
286329548
286330599
286332077
280484571
286326924
286327739
