281422792
279639975
281931514
281833887
281437065
279690758
286324612
286324608
286324147
286324134
286324152
286324125
286324130
286324165
286324196
286324160
286324191
286324138
286324143
286324187
286324182
286324209
286324178
286324204
286324174
286324169
286324200
286324116
286324121
286324112
286324156
286324103
286324108
286325756
286325752
286325748
286325732
286331116
286331112
286331153
286331141
286331143
286331131
286331119
286331128
286331124
286331157
286331160
286331149
286331146
286331138
286331170
286331134
286331040
286330943
286330974
286330939
286330956
286330983
286330952
286331035
286330947
286330978
286330969
286331031
286330965
286331052
286330961
286331061
286330925
286330921
286330917
281204560
282652630
281231709
281231715
282644796
279963375
281204561
279963505
282202842
282644731
279963472
281204562
279963518
282202800
286309132
286309122
286316724
286309072
286316735
286309062
286316746
286309082
286316757
286309092
286309112
286309102
286322461
286322434
286322492
286322470
286322483
286322465
286322496
286322478
286322487
286322474
286322516
286322500
284776530
284776612
284776529
284776580
284776534
284776614
284776528
284776560
284776533
284776613
282864093
282867574
282864094
282867581
282867583
282864059
282864101
282864078
282864105
282864095
282867573
282867582
284425462
284425523
284425529
284425460
284425461
284425522
284425525
284795752
284795736
284795738
284795742
284795737
284795661
284795755
284795741
284795754
284795740
284795753
284795739
284795663
284832464
284832159
284832162
284832157
284832484
284832161
284832482
284832160
284832463
284832158
282566951
282526526
282526410
282526527
282526415
284656629
282979298
282979305
284656626
282979193
282979303
284654748
284654732
284654747
284656631
282979301
282979308
284656632
282979302
282979309
284656627
282979199
282979304
284654761
284654751
284654754
286309930
286309910
286309920
286289828
286289808
286289818
286289919
286289899
286289909
286289949
286289929
286289939
284850621
284850385
284850604
286290536
286290556
286290546
284846122
284846017
284846029
284850617
284850336
284850601
284846093
284846001
284846024
284850623
284850598
284850616
284850739
284850668
284850677
286290845
286290763
286290773
284846125
284846023
284846035
284850622
284850400
284850605
284850740
284850669
284850737
284846124
284846019
284846032
284850620
284850365
284850603
284850743
284850675
284850738
284846105
284846013
284846028
286309940
286309960
286309950
286289979
286289959
286289969
283626575
282526573
282526529
282526574
282526572
283831714
283831707
284655158
282979349
282979365
283831706
283831705
284655156
282979348
282979363
284632637
284632283
284632525
284655163
282979361
282979366
284655166
282979362
282979369
284655157
282979314
282979364
284654730
284654729
284654709
286257124
286257123
286280248
286280237
286280268
286280258
284455435
284455316
284455427
284653530
286257126
286257125
284455433
284455365
284455425
284455438
284455421
284455430
286280288
286280278
286285449
286285429
286285439
286280308
286280298
284455437
284455420
284455429
284455436
284455380
284455428
284653531
284455434
284455379
284455426
284455439
284455424
284455432
286280328
286280419
286280338
286280318
286285479
286285459
286285469
281549964
277241602
278814729
282428677
278495773
278299256
279305826
279343665
281550478
282703071
283289791
283904596
284867339
286305452
286315046
281755878
277241602
278814729
282428677
278495773
278299256
279305826
279343665
281550478
282703071
283289791
283904596
284867339
286305452
286315046
283609932
277241602
278814729
282428677
278495773
278299256
279305826
279343665
281550478
282703071
283289791
283904596
284867339
286305452
286315046
278748183
277241602
278814729
282428677
278495773
278299256
279305826
279343665
281550478
282703071
283289791
284867339
283609966
277241602
278814729
282428677
278495773
278299256
279305826
279343665
281550478
282703071
283289791
284867339
286315046
286320865
286320176
286324622
286320189
286320016
286320185
286324618
286325340
286320194
286320181
286324614
286329184
286330613
286329180
286329188
286330617
286329599
286330633
286320849
286320029
286320046
286320064
286320060
286319874
286320042
286320038
286320055
286325280
286325282
286320073
286320068
286320033
286320051
286315874
286326361
286326357
286313862
286313851
286322243
286322239
286313829
286313818
286313895
286326441
286313884
286326432
286323405
286313928
286313917
286323395
286326366
286326370
286313994
286313983
286322252
286322247
286313961
286313950
286314027
286326445
286314016
286326436
286323388
286323391
286314093
286314082
286314060
286314049
286324009
286322029
286322033
286322037
286322042
286322046
286322051
286322055
286322059
286322064
286322068
286322012
286322016
286322076
286322080
286322085
286322089
286322093
286324396
286324400
286324405
286324409
286322098
286322102
286322107
286322111
286322115
286322120
286322124
286322129
286328079
286328074
286328070
286328065
286328032
286328028
286327883
286327887
286327892
286328041
286328037
286326836
286326781
286326785
286327870
286327874
286327878
286326840
286326789
286326794
286320244
286316172
286316710
286320394
286329038
286329042
286315691
286316172
286316710
286320394
286329038
286329042
286315703
286316172
286316710
286320394
286329038
286329042
286327279
286327142
286327283
286327288
286327292
286327296
286327301
283839204
284901027
282979373
280831089
283915795
283915794
283915790
283915793
283654733
283654734
286282780
286278476
286309132
286309122
286316724
286309072
286316735
286309062
286316746
286309082
286316757
286309092
286309112
286309102
286322461
286322434
286322492
286322470
286322483
286322465
286322496
286322478
286322487
286322474
286322516
286322500
283915801
283915797
283733640
283733641
283850713
286278409
286278443
286278421
286278385
286278454
286278397
286278465
286311788
286311798
286325841
286325837
286325846
286257124
286257123
286280248
286280237
286280268
286280258
284455435
284455316
284455427
284653530
286257126
286257125
284455433
284455365
284455425
284455438
284455421
284455430
286280288
286280278
286285449
286285429
286285439
286280308
286280298
284455437
284455420
284455429
284455436
284455380
284455428
284653531
284455434
284455379
284455426
284455439
284455424
284455432
286280328
286280419
286280338
286280318
286285479
286285459
286285469
281549964
277241602
278814729
282428677
278495773
278299256
279305826
279343665
281550478
282703071
283289791
283904596
284867339
286305452
286315046
281755878
277241602
278814729
282428677
278495773
278299256
279305826
279343665
281550478
282703071
283289791
283904596
284867339
286305452
286315046
283609932
277241602
278814729
282428677
278495773
278299256
279305826
279343665
281550478
282703071
283289791
283904596
284867339
286305452
286315046
278748183
277241602
278814729
282428677
278495773
278299256
279305826
279343665
281550478
282703071
283289791
284867339
283609966
277241602
278814729
282428677
278495773
278299256
279305826
279343665
281550478
282703071
283289791
284867339
286315046
284275047
284275053
284275051
284275054
284275050
284275052
281643488
282365108
279636820
279320804
283027810
283688857
278807391
268437753
282211232
283783691
277673806
283933147
279932002
282229330
286305096
278807391
268437753
282211232
283783691
277673806
283933147
279932002
282229330
286305096
278807391
268437753
282211232
283783691
277673806
283933147
279932002
282229330
286305096
278807391
268437753
282211232
283783691
277673806
283933147
279932002
282229330
286305096
278807391
268437753
282211232
283783691
277673806
283933147
279932002
282229330
286305096
278807391
268437753
282211232
283783691
277673806
283933147
279932002
282229330
286305096
278807391
268437753
282211232
283783691
277673806
283933147
279932002
282229330
286305096
283933147
286305096
286287226
284855056
286320635
286320638
286320645
286320497
286315863
286314274
286314294
286314394
286314414
286314314
286314334
286319595
286319599
286319592
286314354
286314374
286319589
286328960
286328701
286328697
286330391
286322137
286323148
286323145
286323141
286328203
281943928
284653471
282440588
284653471
284472710
284653471
283748960
284653471
284809079
284653471
284809080
284653471
286284485
284653471
286120747
284653471
282731430
281722751
283970187
286305578
286305567
286286492
286321732
286305588
286291394
286254956
285001669
286291383
285001670
286291361
286291372
286287288
286320787
286287375
286324348
286321616
286324917
286324353
286323808
285012849
286289649
286320907
284365099
286289662
286320902
286317915
286317905
286326390
286326315
286326386
286326394
286326399
286326403
286326689
283823782
284360574
283757883
286221348
286282087
286284426
286221337
286282076
284599508
284542173
281943928
284653471
282440588
284653471
284472710
284653471
283748960
284653471
284809079
284653471
284809080
284653471
286284485
284653471
286120747
284653471
286312239
286290428
286313054
286305968
286324099
286305957
286290439
286305935
286328391
286314802
286328395
286331348
286326561
286284499
285956856
286325346
286312403
286305946
286328371
286314783
286328387
286328367
286331352
286326231
286324094
286320386
286323595
286329745
286332377
286279793
286324090
286320382
286328207
286256770
286330661
286332417
286332421
286317419
286325342
286317430
286325351
286330666
286279782
286289560
286279771
286290474
285956855
286256772
286331765
286195223
285956854
286195224
286332332
286331190
286287546
283090977
283090976
286327353
286330492
286330490
286330521
286331094
286330494
286330488
286320748
286320745
286320755
286320751
286325143
286325211
286323823
286323840
286323827
286323836
286323818
286323831
286320758
286323343
286328640
286331208
286328643
286329817
284822579
284822575
284822576
284822574
284822577
284822554
284822578
284822543
286320898
286320885
286320889
286320893
286307896
286307872
286307884
286307907
284815848
286226951
286226971
284303208
284303209
284303210
284303212
284303211
286226974
286225425
284303197
284303199
284303195
284303198
286226353
286226965
284303204
284303205
284303206
284303207
284892487
284892488
284892489
285974825
286225435
284892484
284892485
284892486
282118651
282118652
283467538
283467537
286254968
286254963
286254967
286254970
286254964
286254962
286254959
286254966
286254965
286254969
286254961
286254960
286307987
286307998
286286911
286289541
280230329
281010085
274259254
284973399
284973401
284973402
284973403
284973404
284973405
284973408
284973409
284973406
284973407
284973410
286310973
286310983
286288131
286288141
286310993
286311003
286288151
286311013
286288161
286288171
286288181
286311023
286310963
286311033
286311043
286311068
286311053
286311077
286315069
286314991
286315109
286315088
286288191
286288201
286288211
286314964
286314982
286314973
286288221
286288231
286288241
286315119
286315129
286288261
286288271
286288281
286315139
286315149
286315169
286315159
286311197
286288251
286323052
286305729
286305749
286305739
286311187
286323056
286305760
286305780
286305770
286323036
286311177
286282283
286282293
286282303
286282313
286319809
286319813
286319822
286319818
286319826
286305669
286305689
286305679
286305699
286305719
286305709
286305599
286305619
286305629
286305609
286305639
286305659
286305649
286282333
286282323
286282343
286282353
286319791
286319782
286319800
286319796
286319787
286319804
286327424
286327420
286327437
286327459
286327433
286327455
286327428
286327450
286327472
286327446
286327468
286327442
286327464
286327415
286327411
286327406
286325883
286325879
286325901
286325927
286325896
286325923
286325892
286325887
286325918
286325914
286325936
286325909
286325905
286325931
286325874
286325870
286326957
286325865
286326952
286325861
286327005
286327357
286326974
286325991
286325982
286325986
286325973
286325978
286327361
286326004
286326030
286327001
286327009
286326000
286326026
286326965
286325995
286326022
286326979
286326983
286327388
286326017
286326044
286327014
286326013
286326039
286326008
286326035
286326987
286325964
286325969
286326992
286326996
286325956
286325960
286326961
286325940
286326970
281204560
282652630
281231709
281231715
282644796
279963375
281204561
279963505
282202842
282644731
279963472
281204562
279963518
282202800
283771861
284645419
283773418
283773613
283773614
283454003
283454008
284617349
283783779
283771818
284645418
283771828
284645417
283771838
283019670
283019680
284576365
284867260
283019685
284867261
283019672
284852357
284852354
283019611
284852359
284852358
284576361
283019616
283019617
284576364
284867262
284852450
283019669
284576363
284576362
284077831
284867258
284099516
284099485
284867259
284099525
284099526
284852375
284099540
284852366
284099562
284852388
284099563
284852373
284099570
284852451
284099603
284099604
284852452
284099611
284697140
281832916
281549964
277241602
278814729
282428677
278495773
278299256
279305826
279343665
281550478
282703071
283289791
283904596
284867339
286305452
286315046
281755878
277241602
278814729
282428677
278495773
278299256
279305826
279343665
281550478
282703071
283289791
283904596
284867339
286305452
286315046
283609932
277241602
278814729
282428677
278495773
278299256
279305826
279343665
281550478
282703071
283289791
283904596
284867339
286305452
286315046
278748183
277241602
278814729
282428677
278495773
278299256
279305826
279343665
281550478
282703071
283289791
284867339
283609966
277241602
278814729
282428677
278495773
278299256
279305826
279343665
281550478
282703071
283289791
284867339
286315046
278807391
268437753
282211232
283783691
277673806
283933147
279932002
282229330
286305096
278807391
268437753
282211232
283783691
277673806
283933147
279932002
282229330
286305096
278807391
268437753
282211232
283783691
277673806
283933147
279932002
282229330
286305096
278807391
268437753
282211232
283783691
277673806
283933147
279932002
282229330
286305096
278807391
268437753
282211232
283783691
277673806
283933147
279932002
282229330
286305096
278807391
268437753
282211232
283783691
277673806
283933147
279932002
282229330
286305096
278807391
268437753
282211232
283783691
277673806
283933147
279932002
282229330
286305096
283097565
280745957
286248470
286248471
282088126
282088127
282088128
283830847
283095597
283095594
286320300
286322562
284364978
286287022
286291005
286322801
284976365
284976366
286286769
286322764
286023250
284786025
282646785
286321193
284503980
